48
48
48
48
48
48
48
48
48
48
48
48
48
48
48
48
48
48
48
48
48
48
48
48
48
48
48
48
48
48
48
48
48
48
48
48
48
48
48
48
48
48
48
48
48
48,1
48,1
48,1
48,1
48,1
48,1
48,1
48,1
48,1
48,1
48,1
48,1
48,1
48,1
48,1
48,1
48,1
48,1
48,1
48,1
48,1
48,1
48,1
48,1
48,1
48,1
48,1
48,1
48,1
48,1
48,1
48,1
48,1
48,1
48,1
48
48
48
48
48
48
48
48
48
48
48
48
48
48
48
48
48
48
48
48
48
48
48
48
48
48
48
48
48
48
48
48
48
48
48
48
48
48
48
48
48
48
48
48
48
48
48
48
48
48
48
48
48
48
48
48
48
48
48
48
48
48
48
48
48
48
48
48
48
48
48
48
48
48
48
48
48
48
48
48
48
48
48
48
48
48
48
48
48
48
48
48
48
48
48
48
48
48
48
48
48
48
48
48
48
48
48
48
48
48
48
48
48
48
48
48
48
48
48
48
48
48
48
48
48
48
48
48
48
48
48
48
48
48
48
48
48
48
48
48
48
48
48
48
48
48
48
48
['M_SWStep', 'M_OpStep', 'D_BoilHTset', 'D_BoilWTset', 'D_A_DATA.OndolTempLimit', 'D_RCRTset', 'D_RCHTset', 'D_RCWTset'], ['M_SWStep', 'M_OpStep', 'D_BoilHTset', 'D_BoilWTset', 'D_A_DATA.OndolTempLimit', 'D_RCRTset', 'D_RCHTset', 'D_RCWTset'], ['M_SWStep', 'M_OpStep', 'D_BoilHTset', 'D_BoilWTset', 'D_A_DATA.OndolTempLimit', 'D_RCRTset', 'D_RCHTset', 'D_RCWTset'], ['M_SWStep', 'M_OpStep', 'D_BoilHTset', 'D_BoilWTset', 'D_A_DATA.OndolTempLimit', 'D_RCRTset', 'D_RCHTset', 'D_RCWTset'], ['M_SWStep', 'M_OpStep', 'D_BoilHTset', 'D_BoilWTset', 'D_A_DATA.OndolTempLimit', 'D_RCRTset', 'D_RCHTset', 'D_RCWTset'], ['M_SWStep', 'M_OpStep', 'D_BoilHTset', 'D_BoilWTset', 'D_A_DATA.OndolTempLimit', 'D_RCRTset', 'D_RCHTset', 'D_RCWTset'], ['M_SWStep', 'M_OpStep', 'D_BoilHTset', 'D_BoilWTset', 'D_A_DATA.OndolTempLimit', 'D_RCRTset', 'D_RCHTset', 'D_RCWTset'], ['M_SWStep', 'M_OpStep', 'D_BoilHTset', 'D_BoilWTset', 'D_A_DATA.OndolTempLimit', 'D_RCRTset', 'D_RCHTset', 'D_RCWTset'], 
['M_SWStep', 'M_OpStep', 'D_BoilHTset', 'D_BoilWTset', 'D_A_DATA.OndolTempLimit', 'D_RCRTset', 'D_RCHTset', 'D_RCWTset'], ['M_SWStep', 'M_OpStep', 'D_BoilHTset', 'D_BoilWTset', 'D_A_DATA.OndolTempLimit', 'D_RCRTset', 'D_RCHTset', 'D_RCWTset'], ['M_SWStep', 'M_OpStep', 'D_BoilHTset', 'D_BoilWTset', 'D_A_DATA.OndolTempLimit', 'D_RCRTset', 'D_RCHTset', 'D_RCWTset'], ['M_SWStep', 'M_OpStep', 'D_BoilHTset', 'D_BoilWTset', 'D_A_DATA.OndolTempLimit', 'D_RCRTset', 'D_RCHTset', 'D_RCWTset'], ['M_SWStep', 'M_OpStep', 'D_BoilHTset', 'D_BoilWTset', 'D_A_DATA.OndolTempLimit', 'D_RCRTset', 'D_RCHTset', 'D_RCWTset'], ['M_SWStep', 'M_OpStep', 'D_BoilHTset', 'D_BoilWTset', 'D_A_DATA.OndolTempLimit', 'D_RCRTset', 'D_RCHTset', 'D_RCWTset'], ['M_SWStep', 'M_OpStep', 'D_BoilHTset', 'D_BoilWTset', 'D_A_DATA.OndolTempLimit', 'D_RCRTset', 'D_RCHTset', 'D_RCWTset'], ['M_SWStep', 'M_OpStep', 'D_BoilHTset', 'D_BoilWTset', 'D_A_DATA.OndolTempLimit', 'D_RCRTset', 'D_RCHTset', 'D_RCWTset'], 
['M_SWStep', 'M_OpStep', 'D_BoilHTset', 'D_BoilWTset', 'D_A_DATA.OndolTempLimit', 'D_RCRTset', 'D_RCHTset', 'D_RCWTset']
M_SWStep, M_OpStep, D_BoilHTset, D_BoilWTset, D_A_DATA.OndolTempLimit, D_RCRTset, D_RCHTset, D_RCWTset, 
M_SWStep, M_OpStep, D_BoilHTset, D_BoilWTset, D_A_DATA.OndolTempLimit, D_RCRTset, D_RCHTset, D_RCWTset, 
1, 48, 57, 15, 80, 40, 57, 60, 
1, 48, 57, 15, 80, 40, 57, 60, 
1, 48, 57, 15, 80, 40, 57, 60, 
1, 48, 57, 15, 80, 40, 57, 60, 
1, 48, 57, 15, 80, 40, 57, 60, 
1, 48, 57, 15, 80, 40, 57, 60, 
1, 48, 57, 15, 80, 40, 57, 60, 
1, 48, 57, 15, 80, 40, 57, 60, 
1, 48, 57, 15, 80, 40, 57, 60, 
1, 48, 57, 15, 80, 40, 57, 60, 
1, 48, 57, 15, 80, 40, 57, 60, 
1, 48, 57, 15, 80, 40, 57, 60, 
1, 48, 57, 15, 80, 40, 57, 60, 
1, 48, 57, 15, 80, 40, 57, 60, 
1, 48, 57, 15, 80, 40, 57, 60, 
1, 48, 57, 15, 80, 40, 57, 60, 
1, 48, 57, 15, 80, 40, 57, 60, 
1, 48, 57, 15, 80, 40, 57, 60, 
1, 48, 57, 15, 80, 40, 57, 60, 
1, 48, 57, 15, 80, 40, 57, 60, 
1, 48, 57, 15, 80, 40, 57, 60, 
1, 48, 57, 15, 80, 40, 57, 60, 
1, 48, 57, 15, 80, 40, 57, 60, 
1, 48, 57, 15, 80, 40, 57, 60, 
1, 48, 57, 15, 80, 40, 57, 60, 
1, 48, 57, 15, 80, 40, 57, 60, 
1, 48, 57, 15, 80, 40, 57, 60, 
1, 48, 57, 15, 80, 40, 57, 60, 
1, 48, 57, 15, 80, 40, 57, 60, 
1, 48, 57, 15, 80, 40, 57, 60, 
1, 48, 57, 15, 80, 40, 57, 60, 
1, 48, 57, 15, 80, 40, 57, 60, 
1, 48, 57, 15, 80, 40, 57, 60, 
1, 48, 57, 15, 80, 40, 57, 60, 
1, 48, 57, 15, 80, 40, 57, 60, 
1, 48, 57, 15, 80, 40, 57, 60, 
1, 48, 57, 15, 80, 40, 57, 60, 
1, 48, 57, 15, 80, 40, 57, 60, 
1, 48, 57, 15, 80, 40, 57, 60, 
1, 48, 57, 15, 80, 40, 57, 60, 
1, 48, 57, 15, 80, 40, 57, 60, 
1, 48, 57, 15, 80, 40, 57, 60, 
1, 48, 57, 15, 80, 40, 57, 60, 
1, 48, 57, 15, 80, 40, 57, 60, 
1, 48, 57, 15, 80, 40, 57, 60, 
1, 48, 57, 15, 80, 40, 57, 60, 
1, 48, 57, 15, 80, 40, 57, 60, 
1, 48, 57, 15, 80, 40, 57, 60, 
1, 48, 57, 15, 80, 40, 57, 60, 
1, 48, 57, 15, 80, 40, 57, 60, 
1, 48, 57, 15, 80, 40, 57, 60, 
1, 48, 57, 15, 80, 40, 57, 60, 
1, 48, 57, 15, 80, 40, 57, 60, 
1, 48, 57, 15, 80, 40, 57, 60, 
1, 48, 57, 15, 80, 40, 57, 60, 
1, 48, 57, 15, 80, 40, 57, 60, 
1, 48, 57, 15, 80, 40, 57, 60, 
1, 48, 57, 15, 80, 40, 57, 60, 
1, 48, 57, 15, 80, 40, 57, 60, 
1, 48, 57, 15, 80, 40, 57, 60, 
1, 48, 57, 15, 80, 40, 57, 60, 
1, 48, 57, 15, 80, 40, 57, 60, 
1, 48, 57, 15, 80, 40, 57, 60, 
1, 48, 57, 15, 80, 40, 57, 60, 
1, 48, 57, 15, 80, 40, 57, 60, 
1, 48, 57, 15, 80, 40, 57, 60, 
1, 48, 57, 15, 80, 40, 57, 60, 
1, 48, 57, 15, 80, 40, 57, 60, 
1, 48, 57, 15, 80, 40, 57, 60, 
1, 48, 57, 15, 80, 40, 57, 60, 
1, 48, 57, 15, 80, 40, 57, 60, 
1, 48, 57, 15, 80, 40, 57, 60, 
1, 48, 57, 15, 80, 40, 57, 60, 
1, 48, 57, 15, 80, 40, 57, 60, 
1, 48, 57, 15, 80, 40, 57, 60, 
1, 48, 57, 15, 80, 40, 57, 60, 
1, 48, 57, 15, 80, 40, 57, 60, 
1, 48, 57, 15, 80, 40, 57, 60, 
1, 48, 57, 15, 80, 40, 57, 60, 
1, 48, 57, 15, 80, 40, 57, 60, 
1, 48, 57, 15, 80, 40, 57, 60, 
1, 48, 57, 15, 80, 40, 57, 60, 
1, 48, 57, 15, 80, 40, 57, 60, 
1, 48, 57, 15, 80, 40, 57, 60, 
1, 48, 57, 15, 80, 40, 57, 60, 
1, 48, 57, 15, 80, 40, 57, 60, 
1, 48, 57, 15, 80, 40, 57, 60, 
1, 48, 57, 15, 80, 40, 57, 60, 
1, 48, 57, 15, 80, 40, 57, 60, 
1, 48, 57, 15, 80, 40, 57, 60, 
1, 48, 57, 15, 80, 40, 57, 60, 
1, 48, 57, 15, 80, 40, 57, 60, 
1, 48, 57, 15, 80, 40, 57, 60, 
1, 48, 57, 15, 80, 40, 57, 60, 
1, 48, 57, 15, 80, 40, 57, 60, 
1, 48, 57, 15, 80, 40, 57, 60, 
1, 48, 57, 15, 80, 40, 57, 60, 
1, 48, 57, 15, 80, 40, 57, 60, 
1, 48, 57, 15, 80, 40, 57, 60, 
1, 48, 57, 15, 80, 40, 57, 60, 
1, 48, 57, 15, 80, 40, 57, 60, 
1, 48, 57, 15, 80, 40, 57, 60, 
1, 48, 57, 15, 80, 40, 57, 60, 
1, 48, 57, 15, 80, 40, 57, 60, 
1, 48, 57, 15, 80, 40, 57, 60, 
1, 48, 57, 15, 80, 40, 57, 60, 
1, 48, 57, 15, 80, 40, 57, 60, 
1, 48, 57, 15, 80, 40, 57, 60, 
1, 48, 57, 15, 80, 40, 57, 60, 
1, 48, 57, 15, 80, 40, 57, 60, 
1, 48, 57, 15, 80, 40, 57, 60, 
1, 48, 57, 15, 80, 40, 57, 60, 
1, 48, 57, 15, 80, 40, 57, 60, 
1, 48, 57, 15, 80, 40, 57, 60, 
1, 48, 57, 15, 80, 40, 57, 60, 
1, 48, 57, 15, 80, 40, 57, 60, 
1, 48, 57, 15, 80, 40, 57, 60, 
1, 48, 57, 15, 80, 40, 57, 60, 
1, 48, 57, 15, 80, 40, 57, 60, 
1, 48, 57, 15, 80, 40, 57, 60, 
1, 48, 57, 15, 80, 40, 57, 60, 
1, 48, 57, 15, 80, 40, 57, 60, 
1, 48, 57, 15, 80, 40, 57, 60, 
1, 48, 57, 15, 80, 40, 57, 60, 
1, 48, 57, 15, 80, 40, 57, 60, 
1, 48, 57, 15, 80, 40, 57, 60, 
1, 48, 57, 15, 80, 40, 57, 60, 
1, 48, 57, 15, 80, 40, 57, 60, 
1, 48, 57, 15, 80, 40, 57, 60, 
1, 48, 57, 15, 80, 40, 57, 60, 
1, 48, 57, 15, 80, 40, 57, 60, 
1, 48, 57, 15, 80, 40, 57, 60, 
1, 48, 57, 15, 80, 40, 57, 60, 
1, 48, 57, 15, 80, 40, 57, 60, 
1, 48, 57, 15, 80, 40, 57, 60, 
1, 48, 57, 15, 80, 40, 57, 60, 
1, 48, 57, 15, 80, 40, 57, 60, 
1, 48, 57, 15, 80, 40, 57, 60, 
1, 48, 57, 15, 80, 40, 57, 60, 
1, 48, 57, 15, 80, 40, 57, 60, 
1, 48, 57, 15, 80, 40, 57, 60, 
1, 48, 57, 15, 80, 40, 57, 60, 
1, 48, 57, 15, 80, 40, 57, 60, 
1, 48, 57, 15, 80, 40, 57, 60, 
1, 48, 57, 15, 80, 40, 57, 60, 
1, 48, 57, 15, 80, 40, 57, 60, 
1, 48, 57, 15, 80, 40, 57, 60, 
1, 48, 57, 15, 80, 40, 57, 60, 
1, 48, 57, 15, 80, 40, 57, 60, 
1, 48, 57, 15, 80, 40, 57, 60, 
1, 48, 57, 15, 80, 40, 57, 60, 
1, 48, 57, 15, 80, 40, 57, 60, 
1, 48, 57, 15, 80, 40, 57, 60, 
1, 48, 57, 15, 80, 40, 57, 60, 
1, 48, 57, 15, 80, 40, 57, 60, 
1, 48, 57, 15, 80, 40, 57, 60, 
1, 48, 57, 15, 80, 40, 57, 60, 
1, 48, 57, 15, 80, 40, 57, 60, 
1, 48, 57, 15, 80, 40, 57, 60, 
1, 48, 57, 15, 80, 40, 57, 60, 
1, 48, 57, 15, 80, 40, 57, 60, 
1, 48, 57, 15, 80, 40, 57, 60, 
1, 48, 57, 15, 80, 40, 57, 60, 
1, 48, 57, 15, 80, 40, 57, 60, 
1, 48, 57, 15, 80, 40, 57, 60, 
1, 48, 57, 15, 80, 40, 57, 60, 
M_SWStep, M_OpStep, D_BoilHTset, D_BoilWTset, D_A_DATA.OndolTempLimit, D_RCRTset, D_RCHTset, D_RCWTset, 
M_SWStep, M_OpStep, D_BoilHTset, D_BoilWTset, D_A_DATA.OndolTempLimit, D_RCRTset, D_RCHTset, D_RCWTset, 
M_SWStep, M_OpStep, D_BoilHTset, D_BoilWTset, D_A_DATA.OndolTempLimit, D_RCRTset, D_RCHTset, D_RCWTset, 
1, 48, 57, 15, 80, 40, 57, 60, 
1, 48, 57, 15, 80, 40, 57, 60, 
1, 48, 57, 15, 80, 40, 57, 60, 
1, 48, 57, 15, 80, 40, 57, 60, 
1, 48, 57, 15, 80, 40, 57, 60, 
1, 48, 57, 15, 80, 40, 57, 60, 
1, 48, 57, 15, 80, 40, 57, 60, 
1, 48, 57, 15, 80, 40, 57, 60, 
1, 48, 57, 15, 80, 40, 57, 60, 
1, 48, 57, 15, 80, 40, 57, 60, 
1, 48, 57, 15, 80, 40, 57, 60, 
1, 48, 57, 15, 80, 40, 57, 60, 
1, 48, 57, 15, 80, 40, 57, 60, 
1, 48, 57, 15, 80, 40, 57, 60, 
1, 48, 57, 15, 80, 40, 57, 60, 
1, 48, 57, 15, 80, 40, 57, 60, 
1, 48, 57, 15, 80, 40, 57, 60, 
1, 48, 57, 15, 80, 40, 57, 60, 
1, 48, 57, 15, 80, 40, 57, 60, 
1, 48, 57, 15, 80, 40, 57, 60, 
1, 48, 57, 15, 80, 40, 57, 60, 
1, 48, 57, 15, 80, 40, 57, 60, 
1, 48, 57, 15, 80, 40, 57, 60, 
1, 48, 57, 15, 80, 40, 57, 60, 
1, 48, 57, 15, 80, 40, 57, 60, 
1, 48, 57, 15, 80, 40, 57, 60, 
1, 48, 57, 15, 80, 40, 57, 60, 
1, 48, 57, 15, 80, 40, 57, 60, 
1, 48, 57, 15, 80, 40, 57, 60, 
1, 48, 57, 15, 80, 40, 57, 60, 
1, 48, 57, 15, 80, 40, 57, 60, 
1, 48, 57, 15, 80, 40, 57, 60, 
1, 48, 57, 15, 80, 40, 57, 60, 
M_SWStep, M_OpStep, D_BoilHTset, D_BoilWTset, D_A_DATA.OndolTempLimit, D_RCRTset, D_RCHTset, D_RCWTset, 
M_SWStep, M_OpStep, D_BoilHTset, D_BoilWTset, D_A_DATA.OndolTempLimit, D_RCRTset, D_RCHTset, D_RCWTset, 
M_SWStep, M_OpStep, D_BoilHTset, D_BoilWTset, D_A_DATA.OndolTempLimit, D_RCRTset, D_RCHTset, D_RCWTset, 
M_SWStep, M_OpStep, D_BoilHTset, D_BoilWTset, D_A_DATA.OndolTempLimit, D_RCRTset, D_RCHTset, D_RCWTset, 
M_SWStep, M_OpStep, D_BoilHTset, D_BoilWTset, D_A_DATA.OndolTempLimit, D_RCRTset, D_RCHTset, D_RCWTset, 
M_SWStep, M_OpStep, D_BoilHTset, D_BoilWTset, D_A_DATA.OndolTempLimit, D_RCRTset, D_RCHTset, D_RCWTset, 
M_SWStep, M_OpStep, D_BoilHTset, D_BoilWTset, D_A_DATA.OndolTempLimit, D_RCRTset, D_RCHTset, D_RCWTset, 
1, 48, 57, 15, 80, 40, 57, 60, 
1, 48, 57, 15, 80, 40, 57, 60, 
1, 48, 57, 15, 80, 40, 57, 60, 
1, 48, 57, 15, 80, 40, 57, 60, 
1, 48, 57, 15, 80, 40, 57, 60, 
1, 48, 57, 15, 80, 40, 57, 60, 
1, 48, 57, 15, 80, 40, 57, 60, 
1, 48, 57, 15, 80, 40, 57, 60, 
1, 48, 57, 15, 80, 40, 57, 60, 
1, 48, 57, 15, 80, 40, 57, 60, 
1, 48, 57, 15, 80, 40, 57, 60, 
1, 48, 57, 15, 80, 40, 57, 60, 
1, 48, 57, 15, 80, 40, 57, 60, 
1, 48, 57, 15, 80, 40, 57, 60, 
1, 48, 57, 15, 80, 40, 57, 60, 
M_SWStep, M_OpStep, D_BoilHTset, D_BoilWTset, D_A_DATA.OndolTempLimit, D_RCRTset, D_RCHTset, D_RCWTset, 
M_SWStep, M_OpStep, D_BoilHTset, D_BoilWTset, D_A_DATA.OndolTempLimit, D_RCRTset, D_RCHTset, D_RCWTset, 
1, 72, 57, 15, 80, 40, 57, 60, 
1, 72, 57, 15, 80, 40, 57, 60, 
1, 72, 57, 15, 80, 40, 57, 60, 
1, 72, 57, 15, 80, 40, 57, 60, 
1, 72, 57, 15, 80, 40, 57, 60, 
1, 72, 57, 15, 80, 40, 57, 60, 
1, 72, 57, 15, 80, 40, 57, 60, 
1, 72, 57, 15, 80, 40, 57, 60, 
1, 72, 57, 15, 80, 40, 57, 60, 
1, 72, 57, 15, 80, 40, 57, 60, 
1, 72, 57, 15, 80, 40, 57, 60, 
1, 72, 57, 15, 80, 40, 57, 60, 
1, 72, 57, 15, 80, 40, 57, 60, 
1, 72, 57, 15, 80, 40, 57, 60, 
1, 72, 57, 15, 80, 40, 57, 60, 
1, 72, 57, 15, 80, 40, 57, 60, 
1, 72, 57, 15, 80, 40, 57, 60, 
1, 72, 57, 15, 80, 40, 57, 60, 
1, 72, 57, 15, 80, 40, 57, 60, 
1, 72, 57, 15, 80, 40, 57, 60, 
1, 72, 57, 15, 80, 40, 57, 60, 
1, 72, 57, 15, 80, 40, 57, 60, 
1, 72, 57, 15, 80, 40, 57, 60, 
1, 72, 57, 15, 80, 40, 57, 60, 
1, 72, 57, 15, 80, 40, 57, 60, 
1, 72, 57, 15, 80, 40, 57, 60, 
1, 72, 57, 15, 80, 40, 57, 60, 
1, 72, 57, 15, 80, 40, 57, 60, 
1, 72, 57, 15, 80, 40, 57, 60, 
1, 72, 57, 15, 80, 40, 57, 60, 
1, 72, 57, 15, 80, 40, 57, 60, 
1, 72, 57, 15, 80, 40, 57, 60, 
1, 72, 57, 15, 80, 40, 57, 60, 
1, 72, 57, 15, 80, 40, 57, 60, 
1, 72, 57, 15, 80, 40, 57, 60, 
1, 72, 57, 15, 80, 40, 57, 60, 
1, 72, 57, 15, 80, 40, 57, 60, 
1, 72, 57, 15, 80, 40, 57, 60, 
1, 72, 57, 15, 80, 40, 57, 60, 
1, 72, 57, 15, 80, 40, 57, 60, 
1, 72, 57, 15, 80, 40, 57, 60, 
1, 72, 57, 15, 80, 40, 57, 60, 
1, 72, 57, 15, 80, 40, 57, 60, 
1, 72, 57, 15, 80, 40, 57, 60, 
1, 72, 57, 15, 80, 40, 57, 60, 
M_SWStep, M_OpStep, D_BoilHTset, D_BoilWTset, D_A_DATA.OndolTempLimit, D_RCRTset, D_RCHTset, D_RCWTset, 
1, 48, 57, 15, 80, 40, 57, 60, 
1, 48, 57, 15, 80, 40, 57, 60, 
1, 48, 57, 15, 80, 40, 57, 60, 
1, 48, 57, 15, 80, 40, 57, 60, 
1, 48, 57, 15, 80, 40, 57, 60, 
1, 48, 57, 15, 80, 40, 57, 60, 
1, 48, 57, 15, 80, 40, 57, 60, 
1, 48, 57, 15, 80, 40, 57, 60, 
1, 48, 57, 15, 80, 40, 57, 60, 
1, 48, 57, 15, 80, 40, 57, 60, 
1, 48, 57, 15, 80, 40, 57, 60, 
1, 48, 57, 15, 80, 40, 57, 60, 
1, 48, 57, 15, 80, 40, 57, 60, 
1, 48, 57, 15, 80, 40, 57, 60, 
1, 48, 57, 15, 80, 40, 57, 60, 
1, 48, 57, 15, 80, 40, 57, 60, 
1, 48, 57, 15, 80, 40, 57, 60, 
1, 48, 57, 15, 80, 40, 57, 60, 
1, 48, 57, 15, 80, 40, 57, 60, 
1, 48, 57, 15, 80, 40, 57, 60, 
1, 48, 57, 15, 80, 40, 57, 60, 
1, 48, 57, 15, 80, 40, 57, 60, 
1, 48, 57, 15, 80, 40, 57, 60, 
1, 48, 57, 15, 80, 40, 57, 60, 
1, 48, 57, 15, 80, 40, 57, 60, 
1, 48, 57, 15, 80, 40, 57, 60, 
1, 48, 57, 15, 80, 40, 57, 60, 
1, 48, 57, 15, 80, 40, 57, 60, 
M_SWStep, M_OpStep, D_BoilHTset, D_BoilWTset, D_A_DATA.OndolTempLimit, D_RCRTset, D_RCHTset, D_RCWTset, 
M_SWStep, M_OpStep, D_BoilHTset, D_BoilWTset, D_A_DATA.OndolTempLimit, D_RCRTset, D_RCHTset, D_RCWTset, 
1, 72, 0x57, 0x15, 0x80, 0x40, 0x57, 0x60, 
1, 72, 0x57, 0x15, 0x80, 0x40, 0x57, 0x60, 
1, 72, 0x57, 0x15, 0x80, 0x40, 0x57, 0x60, 
1, 72, 0x57, 0x15, 0x80, 0x40, 0x57, 0x60, 
1, 72, 0x57, 0x15, 0x80, 0x40, 0x57, 0x60, 
1, 72, 0x57, 0x15, 0x80, 0x40, 0x57, 0x60, 
1, 72, 0x57, 0x15, 0x80, 0x40, 0x57, 0x60, 
1, 72, 0x57, 0x15, 0x80, 0x40, 0x57, 0x60, 
1, 72, 0x57, 0x15, 0x80, 0x40, 0x57, 0x60, 
1, 72, 0x57, 0x15, 0x80, 0x40, 0x57, 0x60, 
1, 72, 0x57, 0x15, 0x80, 0x40, 0x57, 0x60, 
1, 72, 0x57, 0x15, 0x80, 0x40, 0x57, 0x60, 
1, 72, 0x57, 0x15, 0x80, 0x40, 0x57, 0x60, 
1, 72, 0x57, 0x15, 0x80, 0x40, 0x57, 0x60, 
1, 72, 0x57, 0x15, 0x80, 0x40, 0x57, 0x60, 
1, 72, 0x57, 0x15, 0x80, 0x40, 0x57, 0x60, 
1, 72, 0x57, 0x15, 0x80, 0x40, 0x57, 0x60, 
1, 72, 0x57, 0x15, 0x80, 0x40, 0x57, 0x60, 
1, 72, 0x57, 0x15, 0x80, 0x40, 0x57, 0x60, 
1, 72, 0x57, 0x15, 0x80, 0x40, 0x57, 0x60, 
1, 72, 0x57, 0x15, 0x80, 0x40, 0x57, 0x60, 
1, 72, 0x57, 0x15, 0x80, 0x40, 0x57, 0x60, 
1, 72, 0x57, 0x15, 0x80, 0x40, 0x57, 0x60, 
1, 72, 0x57, 0x15, 0x80, 0x40, 0x57, 0x60, 
1, 72, 0x57, 0x15, 0x80, 0x40, 0x57, 0x60, 
1, 72, 0x57, 0x15, 0x80, 0x40, 0x57, 0x60, 
1, 72, 0x57, 0x15, 0x80, 0x40, 0x57, 0x60, 
1, 72, 0x57, 0x15, 0x80, 0x40, 0x57, 0x60, 
1, 72, 0x57, 0x15, 0x80, 0x40, 0x57, 0x60, 
1, 72, 0x57, 0x15, 0x80, 0x40, 0x57, 0x60, 
1, 72, 0x57, 0x15, 0x80, 0x40, 0x57, 0x60, 
1, 72, 0x57, 0x15, 0x80, 0x40, 0x57, 0x60, 
1, 72, 0x57, 0x15, 0x80, 0x40, 0x57, 0x60, 
1, 72, 0x57, 0x15, 0x80, 0x40, 0x57, 0x60, 
1, 72, 0x57, 0x15, 0x80, 0x40, 0x57, 0x60, 
1, 72, 0x57, 0x15, 0x80, 0x40, 0x57, 0x60, 
1, 72, 0x57, 0x15, 0x80, 0x40, 0x57, 0x60, 
1, 72, 0x57, 0x15, 0x80, 0x40, 0x57, 0x60, 
1, 72, 0x57, 0x15, 0x80, 0x40, 0x57, 0x60, 
1, 72, 0x57, 0x15, 0x80, 0x40, 0x57, 0x60, 
1, 72, 0x57, 0x15, 0x80, 0x40, 0x57, 0x60, 
1, 72, 0x57, 0x15, 0x80, 0x40, 0x57, 0x60, 
1, 72, 0x57, 0x15, 0x80, 0x40, 0x57, 0x60, 
1, 72, 0x57, 0x15, 0x80, 0x40, 0x57, 0x60, 
1, 72, 0x57, 0x15, 0x80, 0x40, 0x57, 0x60, 
1, 72, 0x57, 0x15, 0x80, 0x40, 0x57, 0x60, 
1, 72, 0x57, 0x15, 0x80, 0x40, 0x57, 0x60, 
1, 72, 0x57, 0x15, 0x80, 0x40, 0x57, 0x60, 
1, 72, 0x57, 0x15, 0x80, 0x40, 0x57, 0x60, 
1, 72, 0x57, 0x15, 0x80, 0x40, 0x57, 0x60, 
1, 72, 0x57, 0x15, 0x80, 0x40, 0x57, 0x60, 
1, 72, 0x57, 0x15, 0x80, 0x40, 0x57, 0x60, 
M_SWStep, M_OpStep, D_BoilHTset, D_BoilWTset, D_A_DATA.OndolTempLimit, D_RCRTset, D_RCHTset, D_RCWTset, 
1, 48, 57, 15, 80, 40, 57, 60, 
1, 48, 57, 15, 80, 40, 57, 60, 
1, 48, 57, 15, 80, 40, 57, 60, 
1, 48, 57, 15, 80, 40, 57, 60, 
1, 48, 57, 15, 80, 40, 57, 60, 
1, 48, 57, 15, 80, 40, 57, 60, 
1, 48, 57, 15, 80, 40, 57, 60, 
1, 48, 57, 15, 80, 40, 57, 60, 
1, 48, 57, 15, 80, 40, 57, 60, 
1, 48, 57, 15, 80, 40, 57, 60, 
1, 48, 57, 15, 80, 40, 57, 60, 
1, 48, 57, 15, 80, 40, 57, 60, 
1, 48, 57, 15, 80, 40, 57, 60, 
1, 48, 57, 15, 80, 40, 57, 60, 
1, 48, 57, 15, 80, 40, 57, 60, 
1, 48, 57, 15, 80, 40, 57, 60, 
1, 48, 57, 15, 80, 40, 57, 60, 
1, 48, 57, 15, 80, 40, 57, 60, 
1, 48, 57, 15, 80, 40, 57, 60, 
1, 48, 57, 15, 80, 40, 57, 60, 
1, 48, 57, 15, 80, 40, 57, 60, 
1, 48, 57, 15, 80, 40, 57, 60, 
1, 48, 57, 15, 80, 40, 57, 60, 
1, 48, 57, 15, 80, 40, 57, 60, 
1, 48, 57, 15, 80, 40, 57, 60, 
1, 48, 57, 15, 80, 40, 57, 60, 
1, 48, 57, 15, 80, 40, 57, 60, 
1, 48, 57, 15, 80, 40, 57, 60, 
1, 48, 57, 15, 80, 40, 57, 60, 
1, 48, 57, 15, 80, 40, 57, 60, 
1, 48, 57, 15, 80, 40, 57, 60, 
1, 48, 57, 15, 80, 40, 57, 60, 
M_SWStep, M_OpStep, D_BoilHTset, D_BoilWTset, D_A_DATA.OndolTempLimit, D_RCRTset, D_RCHTset, D_RCWTset, 
1, 48, 
1, 48, 
1, 48, 
1, 48, 
1, 48, 
1, 48, 
1, 48, 
1, 48, 
1, 48, 
1, 48, 
1, 48, 
1, 48, 
1, 48, 
1, 48, 
1, 48, 
M_SWStep, M_OpStep, D_BoilHTset, D_BoilWTset, D_A_DATA.OndolTempLimit, D_RCRTset, D_RCHTset, D_RCWTset, 
1, 72, 57, 15, 80, 40, 57, 60, 
1, 72, 57, 15, 80, 40, 57, 60, 
1, 72, 57, 15, 80, 40, 57, 60, 
1, 72, 57, 15, 80, 40, 57, 60, 
1, 72, 57, 15, 80, 40, 57, 60, 
1, 72, 57, 15, 80, 40, 57, 60, 
1, 72, 57, 15, 80, 40, 57, 60, 
1, 72, 57, 15, 80, 40, 57, 60, 
1, 72, 57, 15, 80, 40, 57, 60, 
1, 72, 57, 15, 80, 40, 57, 60, 
1, 72, 57, 15, 80, 40, 57, 60, 
1, 72, 57, 15, 80, 40, 57, 60, 
1, 72, 57, 15, 80, 40, 57, 60, 
1, 72, 57, 15, 80, 40, 57, 60, 
1, 72, 57, 15, 80, 40, 57, 60, 
1, 72, 57, 15, 80, 40, 57, 60, 
1, 72, 57, 15, 80, 40, 57, 60, 
1, 72, 57, 15, 80, 40, 57, 60, 
1, 72, 57, 15, 80, 40, 57, 60, 
1, 72, 57, 15, 80, 40, 57, 60, 
M_SWStep, M_OpStep, D_BoilHTset, D_BoilWTset, D_A_DATA.OndolTempLimit, D_RCRTset, D_RCHTset, D_RCWTset, 
1, 48, 57, 15, 80, 40, 57, 60, 
1, 48, 57, 15, 80, 40, 57, 60, 
1, 48, 57, 15, 80, 40, 57, 60, 
1, 48, 57, 15, 80, 40, 57, 60, 
1, 48, 57, 15, 80, 40, 57, 60, 
1, 48, 57, 15, 80, 40, 57, 60, 
1, 48, 57, 15, 80, 40, 57, 60, 
1, 48, 57, 15, 80, 40, 57, 60, 
1, 48, 57, 15, 80, 40, 57, 60, 
1, 48, 57, 15, 80, 40, 57, 60, 
1, 48, 57, 15, 80, 40, 57, 60, 
1, 48, 57, 15, 80, 40, 57, 60, 
1, 48, 57, 15, 80, 40, 57, 60, 
1, 48, 57, 15, 80, 40, 57, 60, 
1, 48, 57, 15, 80, 40, 57, 60, 
1, 48, 57, 15, 80, 40, 57, 60, 
1, 48, 57, 15, 80, 40, 57, 60, 
1, 48, 57, 15, 80, 40, 57, 60, 
1, 48, 57, 15, 80, 40, 57, 60, 
1, 48, 57, 15, 80, 40, 57, 60, 
1, 48, 57, 15, 80, 40, 57, 60, 
1, 48, 57, 15, 80, 40, 57, 60, 
1, 48, 57, 15, 80, 40, 57, 60, 
1, 48, 57, 15, 80, 40, 57, 60, 
1, 48, 57, 15, 80, 40, 57, 60, 
1, 48, 57, 15, 80, 40, 57, 60, 
1, 48, 57, 15, 80, 40, 57, 60, 
1, 48, 57, 15, 80, 40, 57, 60, 
1, 48, 57, 15, 80, 40, 57, 60, 
1, 48, 57, 15, 80, 40, 57, 60, 
1, 48, 57, 15, 80, 40, 57, 60, 
M_SWStep, M_OpStep, D_BoilHTset, D_BoilWTset, D_A_DATA.OndolTempLimit, D_RCRTset, D_RCHTset, D_RCWTset, 
1, 72, 57, 15, 80, 40, 57, 60, 
1, 72, 57, 15, 80, 40, 57, 60, 
1, 72, 57, 15, 80, 40, 57, 60, 
1, 72, 57, 15, 80, 40, 57, 60, 
1, 72, 57, 15, 80, 40, 57, 60, 
1, 72, 57, 15, 80, 40, 57, 60, 
1, 72, 57, 15, 80, 40, 57, 60, 
1, 72, 57, 15, 80, 40, 57, 60, 
1, 72, 57, 15, 80, 40, 57, 60, 
1, 72, 57, 15, 80, 40, 57, 60, 
1, 72, 57, 15, 80, 40, 57, 60, 
1, 72, 57, 15, 80, 40, 57, 60, 
1, 72, 57, 15, 80, 40, 57, 60, 
1, 72, 57, 15, 80, 40, 57, 60, 
1, 72, 57, 15, 80, 40, 57, 60, 
1, 72, 57, 15, 80, 40, 57, 60, 
1, 72, 57, 15, 80, 40, 57, 60, 
1, 72, 57, 15, 80, 40, 57, 60, 
1, 72, 57, 15, 80, 40, 57, 60, 
1, 72, 57, 15, 80, 40, 57, 60, 
1, 72, 57, 15, 80, 40, 57, 60, 
1, 72, 57, 15, 80, 40, 57, 60, 
1, 72, 57, 15, 80, 40, 57, 60, 
1, 72, 57, 15, 80, 40, 57, 60, 
1, 72, 57, 15, 80, 40, 57, 60, 
1, 72, 57, 15, 80, 40, 57, 60, 
1, 72, 57, 15, 80, 40, 57, 60, 
M_SWStep, M_OpStep, D_BoilHTset, D_BoilWTset, D_A_DATA.OndolTempLimit, D_RCRTset, D_RCHTset, D_RCWTset, 
1, 72, 0x57, 0x15, 0x80, 0x40, 0x57, 0x60, 
1, 72, 0x57, 0x15, 0x80, 0x40, 0x57, 0x60, 
1, 72, 0x57, 0x15, 0x80, 0x40, 0x57, 0x60, 
1, 72, 0x57, 0x15, 0x80, 0x40, 0x57, 0x60, 
1, 72, 0x57, 0x15, 0x80, 0x40, 0x57, 0x60, 
1, 72, 0x57, 0x15, 0x80, 0x40, 0x57, 0x60, 
1, 72, 0x57, 0x15, 0x80, 0x40, 0x57, 0x60, 
1, 72, 0x57, 0x15, 0x80, 0x40, 0x57, 0x60, 
1, 72, 0x57, 0x15, 0x80, 0x40, 0x57, 0x60, 
1, 72, 0x57, 0x15, 0x80, 0x40, 0x57, 0x60, 
1, 72, 0x57, 0x15, 0x80, 0x40, 0x57, 0x60, 
1, 72, 0x57, 0x15, 0x80, 0x40, 0x57, 0x60, 
1, 72, 0x57, 0x15, 0x80, 0x40, 0x57, 0x60, 
1, 72, 0x57, 0x15, 0x80, 0x40, 0x57, 0x60, 
1, 72, 0x57, 0x15, 0x80, 0x40, 0x57, 0x60, 
1, 72, 0x57, 0x15, 0x80, 0x40, 0x57, 0x60, 
1, 72, 0x57, 0x15, 0x80, 0x40, 0x57, 0x60, 
1, 72, 0x57, 0x15, 0x80, 0x40, 0x57, 0x60, 
1, 72, 0x57, 0x15, 0x80, 0x40, 0x57, 0x60, 
1, 72, 0x57, 0x15, 0x80, 0x40, 0x57, 0x60, 
1, 72, 0x57, 0x15, 0x80, 0x40, 0x57, 0x60, 
M_SWStep, M_OpStep, D_BoilHTset, D_BoilWTset, D_A_DATA.OndolTempLimit, D_RCRTset, D_RCHTset, D_RCWTset, 
1, 72, 57, 15, 80, 40, 57, 60, 
1, 72, 57, 15, 80, 40, 57, 60, 
1, 72, 57, 15, 80, 40, 57, 60, 
1, 72, 57, 15, 80, 40, 57, 60, 
1, 72, 57, 15, 80, 40, 57, 60, 
1, 72, 57, 15, 80, 40, 57, 60, 
1, 72, 57, 15, 80, 40, 57, 60, 
1, 72, 57, 15, 80, 40, 57, 60, 
1, 72, 57, 15, 80, 40, 57, 60, 
1, 72, 57, 15, 80, 40, 57, 60, 
1, 72, 57, 15, 80, 40, 57, 60, 
1, 72, 57, 15, 80, 40, 57, 60, 
1, 72, 57, 15, 80, 40, 57, 60, 
1, 72, 57, 15, 80, 40, 57, 60, 
1, 72, 57, 15, 80, 40, 57, 60, 
1, 72, 57, 15, 80, 40, 57, 60, 
1, 72, 57, 15, 80, 40, 57, 60, 
1, 72, 57, 15, 80, 40, 57, 60, 
1, 72, 57, 15, 80, 40, 57, 60, 
1, 72, 57, 15, 80, 40, 57, 60, 
1, 72, 57, 15, 80, 40, 57, 60, 
1, 72, 57, 15, 80, 40, 57, 60, 
1, 72, 57, 15, 80, 40, 57, 60, 
M_SWStep, M_OpStep, D_BoilHTset, D_BoilWTset, D_A_DATA.OndolTempLimit, D_RCRTset, D_RCHTset, D_RCWTset, 
0x1, 0x48, 57, 15, 80, 40, 57, 60, 
0x1, 0x48, 57, 15, 80, 40, 57, 60, 
0x1, 0x48, 57, 15, 80, 40, 57, 60, 
0x1, 0x48, 57, 15, 80, 40, 57, 60, 
0x1, 0x48, 57, 15, 80, 40, 57, 60, 
0x1, 0x48, 57, 15, 80, 40, 57, 60, 
0x1, 0x48, 57, 15, 80, 40, 57, 60, 
0x1, 0x48, 57, 15, 80, 40, 57, 60, 
0x1, 0x48, 57, 15, 80, 40, 57, 60, 
0x1, 0x48, 57, 15, 80, 40, 57, 60, 
0x1, 0x48, 57, 15, 80, 40, 57, 60, 
0x1, 0x48, 57, 15, 80, 40, 57, 60, 
0x1, 0x48, 57, 15, 80, 40, 57, 60, 
0x1, 0x48, 57, 15, 80, 40, 57, 60, 
0x1, 0x48, 57, 15, 80, 40, 57, 60, 
0x1, 0x48, 57, 15, 80, 40, 57, 60, 
0x1, 0x48, 57, 15, 80, 40, 57, 60, 
0x1, 0x48, 57, 15, 80, 40, 57, 60, 
0x1, 0x48, 57, 15, 80, 40, 57, 60, 
0x1, 0x48, 57, 15, 80, 40, 57, 60, 
0x1, 0x48, 57, 15, 80, 40, 57, 60, 
0x1, 0x48, 57, 15, 80, 40, 57, 60, 
0x1, 0x48, 57, 15, 80, 40, 57, 60, 
0x1, 0x48, 57, 15, 80, 40, 57, 60, 
0x1, 0x48, 57, 15, 80, 40, 57, 60, 
0x1, 0x48, 57, 15, 80, 40, 57, 60, 
0x1, 0x48, 57, 15, 80, 40, 57, 60, 
0x1, 0x48, 57, 15, 80, 40, 57, 60, 
0x1, 0x48, 57, 15, 80, 40, 57, 60, 
0x1, 0x48, 57, 15, 80, 40, 57, 60, 
0x1, 0x48, 57, 15, 80, 40, 57, 60, 
0x1, 0x48, 57, 15, 80, 40, 57, 60, 
0x1, 0x48, 57, 15, 80, 40, 57, 60, 
0x1, 0x48, 57, 15, 80, 40, 57, 60, 
0x1, 0x48, 57, 15, 80, 40, 57, 60, 
0x1, 0x48, 57, 15, 80, 40, 57, 60, 
0x1, 0x48, 57, 15, 80, 40, 57, 60, 
0x1, 0x48, 57, 15, 80, 40, 57, 60, 
0x1, 0x48, 57, 15, 80, 40, 57, 60, 
0x1, 0x48, 57, 15, 80, 40, 57, 60, 
0x1, 0x48, 57, 15, 80, 40, 57, 60, 
0x1, 0x48, 57, 15, 80, 40, 57, 60, 
M_SWStep, M_OpStep, D_BoilHTset, D_BoilWTset, D_A_DATA.OndolTempLimit, D_RCRTset, D_RCHTset, D_RCWTset, 
M_SWStep, M_OpStep, D_BoilHTset, D_BoilWTset, D_A_DATA.OndolTempLimit, D_RCRTset, D_RCHTset, D_RCWTset, 
M_SWStep, M_OpStep, D_BoilHTset, D_BoilWTset, D_A_DATA.OndolTempLimit, D_RCRTset, D_RCHTset, D_RCWTset, 
M_SWStep, M_OpStep, D_BoilHTset, D_BoilWTset, D_A_DATA.OndolTempLimit, D_RCRTset, D_RCHTset, D_RCWTset, 
M_SWStep, M_OpStep, D_BoilHTset, D_BoilWTset, D_A_DATA.OndolTempLimit, D_RCRTset, D_RCHTset, D_RCWTset, 
M_SWStep, M_OpStep, D_BoilHTset, D_BoilWTset, D_A_DATA.OndolTempLimit, D_RCRTset, D_RCHTset, D_RCWTset, 
M_SWStep, M_OpStep, D_BoilHTset, D_BoilWTset, D_A_DATA.OndolTempLimit, D_RCRTset, D_RCHTset, D_RCWTset, 
M_SWStep, M_OpStep, D_BoilHTset, D_BoilWTset, D_A_DATA.OndolTempLimit, D_RCRTset, D_RCHTset, D_RCWTset, 
1, 30, 57, 15, 80, 40, 57, 60, 
1, 30, 57, 15, 80, 40, 57, 60, 
1, 30, 57, 15, 80, 40, 57, 60, 
1, 30, 57, 15, 80, 40, 57, 60, 
1, 30, 57, 15, 80, 40, 57, 60, 
1, 30, 57, 15, 80, 40, 57, 60, 
1, 30, 57, 15, 80, 40, 57, 60, 
1, 30, 57, 15, 80, 40, 57, 60, 
1, 30, 57, 15, 80, 40, 57, 60, 
1, 30, 57, 15, 80, 40, 57, 60, 
1, 30, 57, 15, 80, 40, 57, 60, 
1, 30, 57, 15, 80, 40, 57, 60, 
1, 30, 57, 15, 80, 40, 57, 60, 
1, 30, 57, 15, 80, 40, 57, 60, 
1, 30, 57, 15, 80, 40, 57, 60, 
1, 30, 57, 15, 80, 40, 57, 60, 
1, 30, 57, 15, 80, 40, 57, 60, 
1, 30, 57, 15, 80, 40, 57, 60, 
1, 30, 57, 15, 80, 40, 57, 60, 
1, 30, 57, 15, 80, 40, 57, 60, 
1, 30, 57, 15, 80, 40, 57, 60, 
1, 30, 57, 15, 80, 40, 57, 60, 
1, 30, 57, 15, 80, 40, 57, 60, 
1, 30, 57, 15, 80, 40, 57, 60, 
1, 30, 57, 15, 80, 40, 57, 60, 
1, 30, 57, 15, 80, 40, 57, 60, 
1, 30, 57, 15, 80, 40, 57, 60, 
1, 30, 57, 15, 80, 40, 57, 60, 
1, 30, 57, 15, 80, 40, 57, 60, 
1, 30, 57, 15, 80, 40, 57, 60, 
1, 30, 57, 15, 80, 40, 57, 60, 
1, 30, 57, 15, 80, 40, 57, 60, 
1, 30, 57, 15, 80, 40, 57, 60, 
1, 30, 57, 15, 80, 40, 57, 60, 
1, 30, 57, 15, 80, 40, 57, 60, 
1, 30, 57, 15, 80, 40, 57, 60, 
1, 30, 57, 15, 80, 40, 57, 60, 
1, 30, 57, 15, 80, 40, 57, 60, 
1, 30, 57, 15, 80, 40, 57, 60, 
1, 30, 57, 15, 80, 40, 57, 60, 
1, 30, 57, 15, 80, 40, 57, 60, 
1, 30, 57, 15, 80, 40, 57, 60, 
1, 30, 57, 15, 80, 40, 57, 60, 
1, 30, 57, 15, 80, 40, 57, 60, 
1, 30, 57, 15, 80, 40, 57, 60, 
1, 30, 57, 15, 80, 40, 57, 60, 
1, 30, 57, 15, 80, 40, 57, 60, 
1, 30, 57, 15, 80, 40, 57, 60, 
1, 30, 57, 15, 80, 40, 57, 60, 
1, 30, 57, 15, 80, 40, 57, 60, 
1, 30, 57, 15, 80, 40, 57, 60, 
1, 30, 57, 15, 80, 40, 57, 60, 
1, 30, 57, 15, 80, 40, 57, 60, 
1, 30, 57, 15, 80, 40, 57, 60, 
1, 30, 57, 15, 80, 40, 57, 60, 
1, 30, 57, 15, 80, 40, 57, 60, 
1, 30, 57, 15, 80, 40, 57, 60, 
1, 30, 57, 15, 80, 40, 57, 60, 
1, 30, 57, 15, 80, 40, 57, 60, 
1, 30, 57, 15, 80, 40, 57, 60, 
1, 30, 57, 15, 80, 40, 57, 60, 
1, 30, 57, 15, 80, 40, 57, 60, 
1, 30, 57, 15, 80, 40, 57, 60, 
1, 30, 57, 15, 80, 40, 57, 60, 
1, 30, 57, 15, 80, 40, 57, 60, 
1, 30, 57, 15, 80, 40, 57, 60, 
1, 30, 57, 15, 80, 40, 57, 60, 
1, 30, 57, 15, 80, 40, 57, 60, 
1, 30, 57, 15, 80, 40, 57, 60, 
1, 30, 57, 15, 80, 40, 57, 60, 
1, 30, 57, 15, 80, 40, 57, 60, 
1, 30, 57, 15, 80, 40, 57, 60, 
1, 30, 57, 15, 80, 40, 57, 60, 
1, 30, 57, 15, 80, 40, 57, 60, 
1, 30, 57, 15, 80, 40, 57, 60, 
1, 30, 57, 15, 80, 40, 57, 60, 
1, 30, 57, 15, 80, 40, 57, 60, 
1, 30, 57, 15, 80, 40, 57, 60, 
1, 30, 57, 15, 80, 40, 57, 60, 
1, 30, 57, 15, 80, 40, 57, 60, 
1, 30, 57, 15, 80, 40, 57, 60, 
1, 30, 57, 15, 80, 40, 57, 60, 
1, 30, 57, 15, 80, 40, 57, 60, 
1, 30, 57, 15, 80, 40, 57, 60, 
1, 30, 57, 15, 80, 40, 57, 60, 
1, 30, 57, 15, 80, 40, 57, 60, 
1, 30, 57, 15, 80, 40, 57, 60, 
1, 30, 57, 15, 80, 40, 57, 60, 
1, 30, 57, 15, 80, 40, 57, 60, 
1, 30, 57, 15, 80, 40, 57, 60, 
1, 30, 57, 15, 80, 40, 57, 60, 
1, 30, 57, 15, 80, 40, 57, 60, 
1, 30, 57, 15, 80, 40, 57, 60, 
1, 30, 57, 15, 80, 40, 57, 60, 
1, 30, 57, 15, 80, 40, 57, 60, 
1, 30, 57, 15, 80, 40, 57, 60, 
1, 30, 57, 15, 80, 40, 57, 60, 
1, 30, 57, 15, 80, 40, 57, 60, 
1, 30, 57, 15, 80, 40, 57, 60, 
1, 30, 57, 15, 80, 40, 57, 60, 
1, 30, 57, 15, 80, 40, 57, 60, 
1, 30, 57, 15, 80, 40, 57, 60, 
1, 30, 57, 15, 80, 40, 57, 60, 
M_SWStep, M_OpStep, D_BoilHTset, D_BoilWTset, D_A_DATA.OndolTempLimit, D_RCRTset, D_RCHTset, D_RCWTset, 
1, 30, 57, 15, 80, 40, 57, 60, 
1, 30, 57, 15, 80, 40, 57, 60, 
1, 30, 57, 15, 80, 40, 57, 60, 
1, 30, 57, 15, 80, 40, 57, 60, 
1, 30, 57, 15, 80, 40, 57, 60, 
1, 30, 57, 15, 80, 40, 57, 60, 
1, 30, 57, 15, 80, 40, 57, 60, 
1, 30, 57, 15, 80, 40, 57, 60, 
1, 30, 57, 15, 80, 40, 57, 60, 
1, 30, 57, 15, 80, 40, 57, 60, 
1, 30, 57, 15, 80, 40, 57, 60, 
1, 30, 57, 15, 80, 40, 57, 60, 
1, 30, 57, 15, 80, 40, 57, 60, 
1, 30, 57, 15, 80, 40, 57, 60, 
1, 30, 57, 15, 80, 40, 57, 60, 
1, 30, 57, 15, 80, 40, 57, 60, 
1, 30, 57, 15, 80, 40, 57, 60, 
1, 30, 57, 15, 80, 40, 57, 60, 
1, 30, 57, 15, 80, 40, 57, 60, 
1, 30, 57, 15, 80, 40, 57, 60, 
1, 30, 57, 15, 80, 40, 57, 60, 
1, 30, 57, 15, 80, 40, 57, 60, 
1, 30, 57, 15, 80, 40, 57, 60, 
1, 30, 57, 15, 80, 40, 57, 60, 
1, 30, 57, 15, 80, 40, 57, 60, 
1, 30, 57, 15, 80, 40, 57, 60, 
1, 30, 57, 15, 80, 40, 57, 60, 
1, 30, 57, 15, 80, 40, 57, 60, 
1, 30, 57, 15, 80, 40, 57, 60, 
1, 30, 57, 15, 80, 40, 57, 60, 
M_SWStep, M_OpStep, D_BoilHTset, D_BoilWTset, D_A_DATA.OndolTempLimit, D_RCRTset, D_RCHTset, D_RCWTset, 
0, 0, 0, 0, 0, 0, 0, 0, 
0, 0, 0, 0, 0, 0, 0, 0, 
0, 0, 0, 0, 0, 0, 0, 0, 
0, 0, 0, 0, 0, 0, 0, 0, 
0, 0, 0, 0, 0, 0, 0, 0, 
0, 0, 0, 0, 0, 0, 0, 0, 
M_SWStep, M_OpStep, D_BoilHTset, D_BoilWTset, D_A_DATA.OndolTempLimit, D_RCRTset, D_RCHTset, D_RCWTset, 
1, 48, 57, 15, 80, 0, 57, 60, 
1, 48, 57, 15, 80, 0, 57, 60, 
1, 48, 57, 15, 80, 0, 57, 60, 
1, 48, 57, 15, 80, 0, 57, 60, 
1, 48, 57, 15, 80, 0, 57, 60, 
1, 48, 57, 15, 80, 0, 57, 60, 
1, 48, 57, 15, 80, 0, 57, 60, 
1, 48, 57, 15, 80, 0, 57, 60, 
1, 48, 57, 15, 80, 0, 57, 60, 
1, 48, 57, 15, 80, 0, 57, 60, 
1, 48, 57, 15, 80, 0, 57, 60, 
1, 48, 57, 15, 80, 0, 57, 60, 
1, 48, 57, 15, 80, 0, 57, 60, 
1, 48, 57, 15, 80, 0, 57, 60, 
1, 48, 57, 15, 80, 0, 57, 60, 
1, 48, 57, 15, 80, 0, 57, 60, 
1, 48, 57, 15, 80, 0, 57, 60, 
1, 48, 57, 15, 80, 0, 57, 60, 
1, 48, 57, 15, 80, 0, 57, 60, 
1, 48, 57, 15, 80, 0, 57, 60, 
1, 48, 57, 15, 80, 0, 57, 60, 
1, 48, 57, 15, 80, 0, 57, 60, 
1, 48, 57, 15, 80, 0, 57, 60, 
1, 48, 57, 15, 80, 0, 57, 60, 
1, 48, 57, 15, 80, 0, 57, 60, 
1, 48, 57, 15, 80, 0, 57, 60, 
1, 48, 57, 15, 80, 0, 57, 60, 
1, 48, 57, 15, 80, 0, 57, 60, 
1, 48, 57, 15, 80, 0, 57, 60, 
1, 48, 57, 15, 80, 0, 57, 60, 
1, 48, 57, 15, 80, 0, 57, 60, 
1, 48, 57, 15, 80, 0, 57, 60, 
1, 48, 57, 15, 80, 0, 57, 60, 
1, 48, 57, 15, 80, 0, 57, 60, 
1, 48, 57, 15, 80, 0, 57, 60, 
1, 48, 57, 15, 80, 0, 57, 60, 
1, 48, 57, 15, 80, 0, 57, 60, 
1, 48, 57, 15, 80, 0, 57, 60, 
1, 48, 57, 15, 80, 0, 57, 60, 
1, 48, 57, 15, 80, 0, 57, 60, 
1, 48, 57, 15, 80, 0, 57, 60, 
1, 48, 57, 15, 80, 0, 57, 60, 
1, 48, 57, 15, 80, 0, 57, 60, 
1, 48, 57, 15, 80, 0, 57, 60, 
1, 48, 57, 15, 80, 0, 57, 60, 
1, 48, 57, 15, 80, 0, 57, 60, 
1, 48, 57, 15, 80, 0, 57, 60, 
1, 48, 57, 15, 80, 0, 57, 60, 
1, 48, 57, 15, 80, 0, 57, 60, 
1, 48, 57, 15, 80, 0, 57, 60, 
1, 48, 57, 15, 80, 0, 57, 60, 
1, 48, 57, 15, 80, 0, 57, 60, 
1, 48, 57, 15, 80, 0, 57, 60, 
1, 48, 57, 15, 80, 0, 57, 60, 
1, 48, 57, 15, 80, 0, 57, 60, 
1, 48, 57, 15, 80, 0, 57, 60, 
1, 48, 57, 15, 80, 0, 57, 60, 
1, 48, 57, 15, 80, 0, 57, 60, 
1, 48, 57, 15, 80, 0, 57, 60, 
1, 48, 57, 15, 80, 0, 57, 60, 
M_SWStep, M_OpStep, D_BoilHTset, D_BoilWTset, D_A_DATA.OndolTempLimit, D_RCRTset, D_RCHTset, D_RCWTset, 
1, 30, 57, 15, 80, 0, 57, 60, 
1, 30, 57, 15, 80, 0, 57, 60, 
1, 30, 57, 15, 80, 0, 57, 60, 
1, 30, 57, 15, 80, 0, 57, 60, 
1, 30, 57, 15, 80, 0, 57, 60, 
1, 30, 57, 15, 80, 0, 57, 60, 
1, 30, 57, 15, 80, 0, 57, 60, 
1, 30, 57, 15, 80, 0, 57, 60, 
1, 30, 57, 15, 80, 0, 57, 60, 
1, 30, 57, 15, 80, 0, 57, 60, 
1, 30, 57, 15, 80, 0, 57, 60, 
1, 30, 57, 15, 80, 0, 57, 60, 
1, 30, 57, 15, 80, 0, 57, 60, 
1, 30, 57, 15, 80, 0, 57, 60, 
1, 30, 57, 15, 80, 0, 57, 60, 
1, 30, 57, 15, 80, 0, 57, 60, 
1, 30, 57, 15, 80, 0, 57, 60, 
1, 30, 57, 15, 80, 0, 57, 60, 
1, 30, 57, 15, 80, 0, 57, 60, 
1, 30, 57, 15, 80, 0, 57, 60, 
1, 30, 57, 15, 80, 0, 57, 60, 
1, 30, 57, 15, 80, 0, 57, 60, 
1, 30, 57, 15, 80, 0, 57, 60, 
1, 30, 57, 15, 80, 0, 57, 60, 
1, 30, 57, 15, 80, 0, 57, 60, 
1, 30, 57, 15, 80, 0, 57, 60, 
1, 30, 57, 15, 80, 0, 57, 60, 
1, 30, 57, 15, 80, 0, 57, 60, 
1, 30, 57, 15, 80, 0, 57, 60, 
1, 30, 57, 15, 80, 0, 57, 60, 
1, 30, 57, 15, 80, 0, 57, 60, 
1, 30, 57, 15, 80, 0, 57, 60, 
1, 30, 57, 15, 80, 0, 57, 60, 
1, 30, 57, 15, 80, 0, 57, 60, 
1, 30, 57, 15, 80, 0, 57, 60, 
1, 30, 57, 15, 80, 0, 57, 60, 
1, 30, 57, 15, 80, 0, 57, 60, 
1, 30, 57, 15, 80, 0, 57, 60, 
1, 30, 57, 15, 80, 0, 57, 60, 
1, 30, 57, 15, 80, 0, 57, 60, 
1, 30, 57, 15, 80, 0, 57, 60, 
1, 30, 57, 15, 80, 0, 57, 60, 
1, 30, 57, 15, 80, 0, 57, 60, 
1, 30, 57, 15, 80, 0, 57, 60, 
2021-01-19 08:32:15.475000, M_SWStep, M_OpStep, D_BoilHTset, D_BoilWTset, D_A_DATA.OndolTempLimit, D_RCRTset, D_RCHTset, D_RCWTset, 
2021-01-19 08:32:15.479000, 1, 30, 57, 15, 80, 0, 57, 60, 
2021-01-19 08:32:16.017000, 1, 30, 57, 15, 80, 0, 57, 60, 
2021-01-19 08:32:16.545000, 1, 30, 57, 15, 80, 0, 57, 60, 
2021-01-19 08:32:17.088000, 1, 30, 57, 15, 80, 0, 57, 60, 
2021-01-19 08:32:17.617000, 1, 30, 57, 15, 80, 0, 57, 60, 
2021-01-19 08:32:18.146000, 1, 30, 57, 15, 80, 0, 57, 60, 
2021-01-19 08:32:18.682000, 1, 30, 57, 15, 80, 0, 57, 60, 
2021-01-19 08:32:19.209000, 1, 30, 57, 15, 80, 0, 57, 60, 
2021-01-19 08:32:19.742000, 1, 30, 57, 15, 80, 0, 57, 60, 
2021-01-19 08:32:20.270000, 1, 30, 57, 15, 80, 0, 57, 60, 
2021-01-19 08:32:20.798000, 1, 30, 57, 15, 80, 0, 57, 60, 
2021-01-19 08:32:21.327000, 1, 30, 57, 15, 80, 0, 57, 60, 
2021-01-19 08:32:21.863000, 1, 30, 57, 15, 80, 0, 57, 60, 
2021-01-19 08:32:22.402000, 1, 30, 57, 15, 80, 0, 57, 60, 
2021-01-19 08:32:22.943000, 1, 30, 57, 15, 80, 0, 57, 60, 
2021-01-19 08:32:23.499000, 1, 30, 57, 15, 80, 0, 57, 60, 
2021-01-19 08:32:24.035000, 1, 30, 57, 15, 80, 0, 57, 60, 
2021-01-19 08:32:24.561000, 1, 30, 57, 15, 80, 0, 57, 60, 
2021-01-19 08:32:25.093000, 1, 30, 57, 15, 80, 0, 57, 60, 
2021-01-19 08:32:25.644000, 1, 30, 57, 15, 80, 0, 57, 60, 
2021-01-19 08:32:26.203000, 1, 30, 57, 15, 80, 0, 57, 60, 
2021-01-19 08:32:26.742000, 1, 30, 57, 15, 80, 0, 57, 60, 
2021-01-19 08:32:27.268000, 1, 30, 57, 15, 80, 0, 57, 60, 
2021-01-19 08:32:27.801000, 1, 30, 57, 15, 80, 0, 57, 60, 
2021-01-19 08:32:28.344000, 1, 30, 57, 15, 80, 0, 57, 60, 
2021-01-19 08:32:28.908000, 1, 30, 57, 15, 80, 0, 57, 60, 
2021-01-19 08:32:29.461000, 1, 30, 57, 15, 80, 0, 57, 60, 
2021-01-19 08:32:30.005000, 1, 30, 57, 15, 80, 0, 57, 60, 
2021-01-19 08:32:30.544000, 1, 30, 57, 15, 80, 0, 57, 60, 
2021-01-19 08:32:31.082000, 1, 30, 57, 15, 80, 0, 57, 60, 
2021-01-19 08:32:31.648000, 1, 30, 57, 15, 80, 0, 57, 60, 
2021-01-19 08:32:32.202000, 1, 30, 57, 15, 80, 0, 57, 60, 
2021-01-19 08:32:32.750000, 1, 30, 57, 15, 80, 0, 57, 60, 
2021-01-19 08:32:33.302000, 1, 30, 57, 15, 80, 0, 57, 60, 
2021-01-19 08:32:33.857000, 1, 30, 57, 15, 80, 0, 57, 60, 
2021-01-19 08:32:34.397000, 1, 30, 57, 15, 80, 0, 57, 60, 
2021-01-19 08:32:34.929000, 1, 30, 57, 15, 80, 0, 57, 60, 
2021-01-19 08:32:35.480000, 1, 30, 57, 15, 80, 0, 57, 60, 
2021-01-19 08:32:36.034000, 1, 30, 57, 15, 80, 0, 57, 60, 
2021-01-19 08:32:36.578000, 1, 30, 57, 15, 80, 0, 57, 60, 
2021-01-19 08:32:37.124000, 1, 30, 57, 15, 80, 0, 57, 60, 
